100|101|2|16|1|3|5d606f7802|1|1516323596029
100|101|2|16|1|3|5d606f7802|1|1516323597007
100|101|2|16|1|3|5d646f7802|1|1516323598382
100|101|2|16|1|3|5d646f8802|1|1516323598936
100|101|2|16|1|3|5d686f8802|1|1516323599977
100|101|2|16|1|3|5d686f9802|1|1516323601007
100|101|2|16|1|3|5d6c6fac02|1|1516323601926
100|101|2|16|1|3|5d706fac02|1|1516323603033
100|101|2|16|1|3|5d706fac02|1|1516323603959
100|101|2|16|1|3|5d706fbc02|1|1516323604876
100|101|2|16|1|3|5d786fbc02|1|1516323609891
100|101|2|16|1|3|5d886fd802|1|1516323620073
100|101|2|16|1|3|5da0701c02|1|1516323632028
100|101|2|16|1|3|5da8702c02|1|1516323636949
100|101|2|16|1|3|5de4704802|1|1516323668367
100|101|2|16|1|3|5e246f4002|1|1516323705123